<?xml version="1.0" encoding="UTF-8"?>
<!DOCTYPE map SYSTEM "http://mapeditor.org/dtd/1.0/map.dtd">
<map version="1.0" orientation="orthogonal" renderorder="right-down" width="30" height="30" tilewidth="32" tileheight="32">
 <tileset firstgid="1" name="Tiles" tilewidth="1" tileheight="1"/>
 <tileset firstgid="1" name="TTT" tilewidth="32" tileheight="32">
  <image source="../img/sprites.png" width="64" height="64"/>
 </tileset>
 <layer name="Tile Layer 1" width="30" height="30">
  <data encoding="csv">
2,2,2,2,2,2,2,2,2,2,2,2,2,2,2,2,2,2,2,2,2,2,2,2,2,2,2,2,2,2,
2,1,1,1,1,1,1,1,1,1,1,1,1,1,1,1,1,1,1,1,1,1,1,1,1,2,3,3,3,2,
2,1,1,2,2,2,2,2,2,2,2,2,2,2,2,1,2,2,2,1,1,1,1,1,1,2,3,3,3,2,
2,1,1,2,1,1,1,1,1,1,1,1,1,1,1,1,1,2,2,1,1,1,1,1,1,2,3,3,3,2,
2,1,1,2,1,1,1,2,1,1,1,1,1,1,1,1,2,1,1,1,1,1,1,1,1,1,3,3,3,2,
2,1,1,1,1,1,1,2,1,1,1,1,1,1,1,2,1,1,1,1,1,1,1,1,1,2,2,2,2,2,
2,1,1,2,2,2,2,2,1,1,1,1,1,1,1,2,1,1,1,1,1,1,1,1,1,1,1,1,1,2,
2,1,1,1,1,1,1,2,1,1,1,1,1,1,1,2,1,1,1,1,1,1,2,1,1,1,1,1,1,2,
2,1,1,1,1,1,1,2,1,1,1,1,1,1,1,2,1,1,1,1,1,2,1,1,1,1,1,1,1,2,
2,1,1,1,1,1,1,2,2,2,2,2,2,2,2,2,2,1,1,1,1,2,1,1,1,1,1,1,1,2,
2,1,1,1,1,1,1,1,1,1,1,1,1,1,1,1,1,2,2,1,1,2,1,1,1,1,1,1,1,2,
2,1,1,1,1,1,1,1,1,1,1,1,1,1,1,1,1,1,1,1,1,1,2,1,1,1,1,1,1,2,
2,1,1,1,1,1,1,1,1,1,1,2,2,1,1,1,1,1,1,1,1,1,2,1,1,1,1,1,1,2,
2,1,1,1,1,1,1,1,1,1,2,1,1,2,1,1,1,1,1,1,1,1,2,2,2,2,2,2,1,2,
2,1,1,1,1,1,1,1,1,2,1,2,2,1,2,1,1,1,1,1,1,1,1,2,1,1,1,1,1,2,
2,1,1,1,1,1,1,1,1,2,1,2,2,1,2,1,1,1,1,1,1,1,1,2,2,1,1,1,1,2,
2,2,2,2,2,2,2,2,1,1,2,1,1,2,1,1,1,2,1,1,1,1,1,1,2,2,1,1,1,2,
2,1,1,1,1,1,1,2,1,1,1,2,2,1,1,1,2,1,1,1,1,1,1,1,1,2,1,1,1,2,
2,1,1,1,1,1,1,2,1,1,1,1,1,1,1,1,2,1,1,1,1,1,1,1,2,2,1,1,1,2,
2,1,1,1,1,1,1,2,1,1,1,1,1,1,1,1,2,1,1,1,1,1,1,1,2,1,1,1,1,2,
2,1,1,1,1,1,1,2,1,1,1,1,1,1,1,2,2,1,1,1,2,2,2,2,2,1,1,1,1,2,
2,1,1,1,1,2,2,2,1,1,1,1,1,1,2,2,1,2,1,1,2,1,2,2,1,1,1,1,1,2,
2,1,1,1,1,2,2,2,1,1,1,1,2,2,2,1,1,1,2,2,2,1,1,1,1,1,1,1,1,2,
2,1,1,1,1,1,2,1,1,1,1,2,2,1,1,1,1,1,1,1,1,1,1,2,2,2,2,2,2,2,
2,1,1,1,1,1,2,1,1,1,1,1,1,1,1,1,1,1,1,1,1,1,1,2,3,3,3,3,3,2,
2,1,1,1,1,1,2,1,1,1,1,1,1,1,1,1,1,1,1,1,1,1,1,2,3,3,3,3,3,2,
2,1,1,1,1,1,1,1,1,1,1,1,1,1,1,1,1,1,1,1,1,1,1,2,3,3,3,3,3,2,
2,1,2,2,2,2,2,2,2,2,2,2,2,2,2,2,2,2,2,2,2,2,2,2,3,3,3,3,3,2,
2,1,1,1,1,1,1,1,1,1,1,1,1,1,1,1,1,1,1,1,1,1,1,1,3,3,3,3,3,2,
2,2,2,2,2,2,2,2,2,2,2,2,2,2,2,2,2,2,2,2,2,2,2,2,2,2,2,2,2,2
</data>
 </layer>
</map>
