<?xml version="1.0" encoding="UTF-8"?>
<!DOCTYPE map SYSTEM "http://mapeditor.org/dtd/1.0/map.dtd">
<map version="1.0" orientation="orthogonal" renderorder="right-down" width="30" height="30" tilewidth="32" tileheight="32">
 <tileset firstgid="1" name="Tiles" tilewidth="32" tileheight="32">
  <image source="../img/spawn-sheet.png" width="448" height="32"/>
 </tileset>
 <layer name="Tile Layer 1" width="30" height="30">
  <data encoding="csv">
8,8,8,8,8,8,8,8,8,8,8,8,8,8,8,8,8,8,8,8,8,8,8,8,8,8,8,8,8,8,
8,14,14,14,14,14,14,14,14,14,14,14,14,14,14,11,14,14,14,14,14,14,14,14,14,14,14,14,14,8,
8,2,2,2,2,2,2,2,2,2,2,2,2,2,2,2,2,2,2,2,2,2,2,2,2,2,2,2,2,8,
8,9,9,9,9,9,9,9,9,9,9,9,9,9,9,9,9,9,9,9,9,9,9,9,9,9,9,9,9,8,
8,2,2,2,2,7,2,2,2,2,2,2,2,2,2,2,2,2,2,2,2,2,2,2,2,2,2,2,2,8,
8,14,14,14,10,10,10,14,14,14,14,14,14,14,14,14,14,14,14,14,14,14,14,11,14,14,14,14,14,8,
8,13,13,14,2,7,2,14,13,13,13,13,13,13,13,13,13,13,13,13,13,13,13,13,13,13,13,8,14,8,
8,13,13,14,2,7,2,14,13,13,13,13,13,13,13,13,13,13,13,13,13,13,13,13,13,13,13,8,14,8,
8,13,13,14,2,7,2,12,13,13,13,13,13,13,13,13,13,13,13,13,13,13,13,13,13,13,13,8,14,8,
8,13,13,14,2,7,2,12,13,13,13,13,13,13,13,13,13,13,13,13,13,13,13,13,13,8,8,8,14,8,
8,13,13,14,2,7,2,14,13,13,13,13,8,8,8,8,8,8,13,13,13,13,13,8,8,8,14,14,14,8,
8,13,13,14,2,7,2,14,13,13,13,8,8,4,4,4,4,8,8,13,13,13,13,8,14,14,14,14,14,8,
8,13,13,14,2,7,2,14,13,13,8,8,4,5,5,5,5,4,8,8,13,13,13,8,14,14,14,14,14,8,
8,6,6,6,2,7,2,6,6,6,8,4,5,5,5,5,5,5,4,8,13,13,13,14,14,14,14,14,14,8,
8,13,6,6,6,6,6,6,6,13,8,4,5,5,5,5,5,5,4,8,13,13,13,14,14,14,14,14,14,8,
8,13,13,6,6,6,6,6,13,13,8,4,5,5,5,5,5,5,4,8,13,13,13,14,14,14,14,14,14,8,
8,13,13,14,2,7,2,14,13,13,8,8,4,5,5,5,5,4,8,8,13,13,13,8,14,14,14,14,14,8,
8,13,13,14,2,7,2,14,13,13,13,8,8,4,4,4,4,8,8,13,13,13,13,8,14,14,14,14,14,8,
8,13,13,14,2,7,2,14,13,13,13,13,8,8,8,8,8,8,13,13,13,13,13,8,8,8,14,14,14,8,
8,13,13,14,2,7,2,14,13,13,13,13,13,13,13,13,13,13,13,13,13,13,13,13,13,8,8,8,8,8,
8,13,13,14,2,7,2,14,13,13,13,13,13,13,13,13,13,13,13,13,13,13,13,13,13,13,13,13,8,8,
8,13,13,14,2,7,2,14,13,13,13,13,13,13,13,13,13,13,13,13,13,13,13,13,13,13,13,13,13,8,
8,13,13,14,2,7,2,14,13,13,13,13,13,13,13,13,13,13,13,13,13,13,13,13,13,13,13,13,13,8,
8,13,13,14,2,7,2,14,13,13,13,13,13,13,13,13,13,13,13,13,13,13,13,8,8,8,8,8,8,8,
8,13,13,14,2,7,2,14,13,13,13,13,13,13,13,13,13,13,13,13,13,13,13,8,1,1,1,1,1,8,
8,13,13,14,2,7,2,14,13,13,13,13,13,13,13,13,13,13,13,13,13,13,13,8,1,1,1,1,1,8,
8,13,13,14,2,7,2,14,13,13,13,13,13,13,13,13,13,13,13,13,13,13,13,8,1,1,1,1,1,8,
8,13,8,8,8,8,8,8,8,8,8,8,8,8,8,8,8,8,8,8,8,8,8,8,1,1,1,1,1,8,
8,13,13,13,13,13,13,13,13,13,13,13,13,13,13,13,13,13,13,13,13,13,13,13,1,1,1,1,1,8,
8,8,8,8,8,8,8,8,8,8,8,8,8,8,8,8,8,8,8,8,8,8,8,8,8,8,8,8,8,8
</data>
 </layer>
</map>
